0393373769
0983198686
0901856428
0768621947
0901350106
0938026987
0973183033
0976441943
0978569247
0989887538
0907204239
0913669637
0915684966
0976227807
0793394678
0974612525
0976693249
0911115544
0785528049
0902400747
0909893336
0394148986
0913146970
0916954646
0983166161
0986080990
0986115391
0918758749
0985105196
0976830626
0886346473
0972046314
0915390550
0975348319
0394049572
0355995450
0394865146
0815304444
0818101866
0974354406
0777475829
0972257447
0984429858
0915310345
0989998923
0971325234
0944010685
0912554628
0936112875
0985003353
0976521206
0862725663
0971947857
0902780483
0373334991
0916043663
0911523311
0933718555
0987644504
0975616835
0793764392
0385550506
0988246802
0963963593
0903902095
0913231747
0983801354
0968330804
0917144311
0332645645
0949487958
0975140895
0943314238
0967845851
0376665598
0339193932
0913557469
0913282134
0886866616
0911107888
0913002804
0931297999
0902095829
0981991037
0945373268
0973952854
0974366502
0979885424
0763083472
0946790067
0869010007
0977434656
0906773707
0923149079
0941969983
0385363757
0949210853
0903960618
0967372594
0933737208
0986730954
0977864739
0399236540
0986509006
0366659006
0916012686
0337326692
0984888033
0971997160
0933338679
0989597933
0915243564
0356563762
0838920024
0353311833
0833377989
0932044499
0963214193
0932699384
0913278395
0989687802
0366207689
0978794693
0962895090
0976342342
0937933033
0968010545
0913985856
0906632853
0926939616
0923145284
0913749771
0913893853
0385633013
0973434047
0396953832
0903994434
0982481491
0383001204
0903721784
0937903643
0983867057
0973302793
0938806272
0366863008
0358021844
0763853125
0903689944
0886364488
0903641119
0972347763
0362804228
0911368995
0365459228
0913008737
0987156173
0988315004
0983571983
0342055555
0965933086
0986884647
0989666532
0854859077
0988551228
0976203130
0767294343
0773524427
0919743689
0398288403
0911316899
0822176291
0365291726
0364686781
0939694575
0906822911
0986725723
0914948849
0917149999
0888687794
0979527243
0913707131
0388405839
0982695299
0909881610
0819868979
0944661414
0983492920
0962490559
0922888579
0982450239
0937944931
0944111468
0968096909
0819311139
0329511141
0938554225
0832739369
0988162927
0983955877
0966663996
0949232664
0934010797
0913895154
0903193235
0387766770
0965493626
0914542493
0933694909
0359633758
0904153815
0979108475
0913629632
0984998056
0988538797
0388888207
0935217868
0982656965
0374528303
0918768443
0812133901
0942301615
0938282155
0983052962
0349555468
0981732256
0833352313
0938582869
0916594488
0942751654
0799113042
0902616988
0343693681
0703706980
0932601278
0933360968
0913700627
0987510963
0582106630
0961467668
0902553767
0919877522
0902433774
0384745834
0944111377
0855747774
0385551665
0941725818
0989133156
0917041006
0982295988
0938311277
0908164666
0932182779
0911479777
0376094898
0979844886
0974789489
0866041103
0385746888
0888171539
0908424478
0356526236
0978327532
0974426080
0969299998
0932975717
0902645975
0962047092
0849001614
0905539995
0901019022
0918795133
0855291203
0906309069
0868310000
0342136187
0382594136
0777267726
0967271236
0948188203
0962992999
0906781027
0366696663
0948925763
0903656583
0835282276
0989063646
0939411818
0911117612
0908190246
0969544155
0912163058
0933888788
0388393588
0905466201
0372177785
0909913963
0375989705
0944215118
0777129474
0947308404
0936654830
0916923570
0983195137
0386359876
0916028889
0918732495
0567770323
0908856556
0975119934
0913492539
0983200535
0817251295
0765655874
0904470524
0941234088
0938253748
0904684006
0917313363
0909393264
0918191226
0813832273
0942851993
0942711096
0919080952
0962257332
0868603285
0966726256
0946100152
0352932163
0356010008
0911898951
0372860365
0901535253
0914994002
0986973687
0946400522
0968711568
0977963971
0376161266
0818333456
0962931893
0909619606
0906032369
0582021880
0584600148
0903886261
0332605575
0373862586
0907769323
0984723750
0359132717
0977562077
0983943396
0703537793
0981111838
0565436258
0353998478
0934758323
0908553547
0912633638
0817781939
0904756716
0916384466
0916610819
0378808157
0901356441
0569312922
0923368210
0949315448
0972916276
0828434511
0974790952
0987539221
0938776099
0338390945
0854639698
0968726558
0769860410
0948778508
0933105308
0822146368
0949718070
0917989890
0986202608
0936660541
0335173761
0767494700
0582373754
0977325432
0913334386
0908437497
0982341741
0988327981
0888252898
0917324159
0988111112
0987013313
0837333558
0978187559
0984736858
0918723558
0352968159
0392895794
0772482222
0935013286
0792486832
0977770608
0389259067
0942413454
0398193342
0384808743
0989713425
0915425900
0989136740
0934021985
0903439596
0396040474
0945667137
0837219899
0904584567
0969237689
0907122662
0916469441
0941128021
0966555589
0327982752
0936819879
0564465893
0913151352
0396336688
0928898573
0906288882
0904901235
0905297345
0905302568
0903927757
0987333486
0842222221
0976293789
0944943165
0986955633
0365465792
0818569477
0569521859
0966680875
0908329897
0705636665
0909577966
0969156620
0789482990
0765266489
0902827360
0908013058
0942946412
0356008911
0345983312
0989229293
0345562771
0345903177
0902262624
0938943927
0336464926
0333925665
0383011763
0943785526
0978874884
0787107072
0937022252
0907978989
0946516358
0388714410
0772500554
0911435228
0964473890
0366097035
0979432109
0777261722
0969486456
0708913790
0903481877
0782997443
0835238849
0945255919
0981555977
0903055918
0827077769
0846929357
0916868569
0397860639
0964550751
0968765555
0914195116
0945642279
0904241567
0765173539
0767567929
0774586889
0913167478
0937603487
0797650119
0948362505
0906531115
0903498156
0387589020
0901454526
0946199991
0913959288
0868812183
0933567789
0834230899
0772697751
0817620475
0944481689
0917794212
0903844242
0797666721
0907416477
0703549044
0948698858
0988394210
0937888335
0795139508
0889176889
0352199522
0367822688
0972373953
0765881306
0973399477
0908884178
0911288883
0983858495
0981333027
0919039492
0393584844
0936182862
0909924582
0976510023
0974108014
0988414252
0979793793
0911423435
0837064141
0972757911
0356286186
0942821774
0985861606
0356538856
0903573577
0378095448
0987499324
0912291773
0977373593
0912290773
0945166706
0385741367
0961238234
0988385586
0842719195
0987224488
0936228200
0972753682
0704764912
0912349521
0962346246
0832552286
0915202223
0976868978
0334636638
0916839602
0917991941
0931355474
0911077800
0888685818
0977942628
0349526586
0975615963
0904763737
0908020102
0979203639
0335044519
0942283779
0901279909
0779078552
0985961218
0915557877
0988383383
0378494862
0986924478
0985505258
0981756879
0986584733
0911315529
0983739969
0989730610
0934145014
0915468118
0947795468
0779933279
0919082838
0564558593
0868602362
0947833132
0989617097
0937266396
0355702016
0369797659
0987921888
0976398782
0385975592
0901550710
0932026747
0915284386
0935585790
0944107636
0397410320
0343633926
0932631869
0774755969
0355623769
0346669563
0937806563
0903906602
0877311278
0908132436
0909038283
0977811861
0969920888
0905606567
0907348877
0916116161
0904203535
0917321055
0943038126
0373541132
0976679626
0948241985
0702861908
0989474625
0933308306
0968221880
0982672482
0813568636
0944480231
0988450421
0919719188
0904232728
0325153456
0708039017
0916096966
0944882840
0981983918
0905383918
0979787720
0912802074
0912059422
0365067678
0907227555
0398438596
0917528845
0912271960
0396345243
0912896629
0987091980
0904667188
0855983562
0977700549
0869240040
0935111583
0967822244
0908992226
0934487781
0977130185
0936192987
0359983273
0365589630
0961314293
0813407842
0987815729
0394037788
0903262552
0344449436
0913505536
0398183126
0377556554
0902625274
0388532325
0363279819
0364925248
0972318258
0888554001
0982475804
0338030940
0909952185
0989864585
0988596098
0966666396
0964085867
0944449121
0906824760
0844621079
0961636598
0902486070
0962270025
0949369323
0944497438
0888662244
0981093399
0967846524
0819873378
0964152363
0903730902
0903616593
0968044341
0775797475
0913291531
0942001001
0983209211
0934478662
0912368331
0919773978
0973332591
0919180188
0967411448
0975442062
0352724551
0981767999
0868933977
0984288931
0905392949
0921298137
0984567097
0961508973
0981071535
0918424502
0902238264
0778156700
0979788844
0937670297
0358407172
0816696929
0886364567
0983647830
0903122249
0979936057
0902824682
0914091729
0982912277
0935381686
0793737257
0987881443
0838335635
0898679456
0389363453
0827174566
0933010210
0941460062
0963617949
0399717169
0936145699
0565267309
0934179161
0911306556
0936681679
0988845661
0918288379
0376196976
0982695091
0984962182
0943713975
0912216686
0974694276
0905331164
0985290385
0915419488
0974358094
0974920827
0969640704
0985963452
0907531269
0707451008
0833101696
0976096372
0989797506
0396926329
0778877950
0937456002
0369081230
0903636733
0912603239
0942718979
0917392572
0375906120
0339866962
0396775140
0387254314
0915955915
0776652034
0949797886
0569918325
0983144188
0913489090
0988972425
0914161682
0978455994
0914197376
0971092141
0799868268
0337847185
0904508518
0961320114
0919496566
0909120211
0915185225
0833018890
0822031074
0938031908
0842824680
0942824680
0938823448
0933156574
0907140448
0989501239
0918229516
0945235495
0903127650
0944421995
0948527661
0855594419
0916000509
0981868637
0915111991
0762752055
0395573868
0975511525
0986641507
0988367325
0972333993
0392807943
0925288112
0973725008
0919238772
0943658683
0327660626
0913460461
0949560655
0906578901
0949856555
0976746007
0933304703
0938065568
0784855055
0868689792
0942095986
0374286917
0913462746
0822302270
0919979578
0908311566
0395946634
0868918991
0976308918
0779339985
0903223000
0912897009
0989667568
0904505537
0913731700
0393909458
0962482103
0936317881
0367724420
0914768468
0359550871
0968717263
0964888991
0903626056
0989923423
0842285678
0854080124
0394456198
0983215664
0969975959
0943293802
0919396079
0978234836
0869005580
0855860886
0908025433
0944130568
0973884848
0369632796
0981997908
0768237226
0934997529
0326146553
0938325292
0918789153
0983070832
0942497170
0935416046
0907017799
0974115343
0388179705
0915325012
0355482779
0981006567
0918717085
0902253425
0976901779
0906721292
0832654382
0911411349
0949200291
0912090386
0345458112
0386810778
0972207867
0368154567
0376907979
0967796789
0326811368
0569614911
0963486815
0979896235
0377922812
0374631616
0986776465
0364563875
0969941236
0338390033
0394761382
0966211289
0947962081
0939350690
0972413380
0909934936
0962832793
0868039066
0347000068
0903846219
0353031667
0934686089
0345255768
0359061018
0908187275
0394976254
0947722129
0383966535
0363075546
0984251330
0399831933
0382832107
0946903579
0983643632
0975864613
0782534514
0949081686
0888801712
0383766040
0933717686
0979050147
0374910239
0949881797
0927257555
0569614910
0966800433
0981117326
0908300387
0986648850
0707020113
0379486134
0349321024
0912451968
0979790216
0987335376
0915323811
0912830858
0978140480
0907700936
0966387088
0913414589
0976535610
0869929009
0845203462
0392436858
0961301931
0969033244
0981677373
0902292972
0975656067
0913807766
0334369397
0976600625
0979972708
0902243145
0912770398
0369239534
0332058951
0905285738
0911752911
0903106023
0982040762
0929228211
0349410288
0989040629
0974358528
0373887245
0907133553
0976683301
0976533593
0984977511
0965102329
0974882704
0943820777
0963120591
0967007368
0912936951
0975790999
0978492592
0329268620
0772637214
0913315847
0344960811
0938377950
0869124965
0866187626
0366131288
0936699593
0905512055
0911824135
0837577479
0945543691
0903443716
0399116110
0912162041
0397636665
0942016434
0927156118
0916450623
0349158163
0966005678
0916112422
0335422113
0983017889
0986260888
0914468046
0766004333
0932304789
0962305602
0708244573
0785819467
0921205854
0582150377
0972155134
0912075428
0982300072
0938800265
0392244813
0938509192
0335775600
0837840226
0913943146
0946990405
0988775718
0976727322
0382440689
0347681129
0947262359
0767917918
0852131936
0976887993
0985149337
0942950558
0398709116
0941440630
0828115981
0902998753
0788970587
0945182010
0961608555
0901856279
0907236279
0972555672
0703320779
0948078888
0352587953
0979799979
0908057152
0378824949
0384401730
0389423716
0826043916
0782289666
0988087201
0974303050
0911556196
0938884354
0937561626
0352314080
0937255222
0902831989
0982980864
0938993191
0963932382
0927447192
0913234610
0916136655
0974748686
0919917486
0962015267
0911701818
0949238286
0912866091
0969378086
0988839303
0868664823
0988098835
0933116883
0938678066
0962964612
0906265707
0906889874
0375662160
0976761435
0983828507
0945421616
0848601776
0983997195
0979756789
0337789848
0944145286
0904509094
0987136168
0989321928
0966812575
0903217703
0972795656
0929009349
0396824878
0964255588
0965081616
0901678666
0984565589
0987346126
0989062095
0912601771
0396919642
0905826467
0971800595
0898933686
0984599264
0912146406
0903228154
0909603803
0989507885
0974578315
0974067674
0382249999
0908501850
0909504989
0345626792
0832201192
0963627488
0869269040
0937783183
0963879792
0835512345
0989618171
0847873876
0765085339
0908470139
0913514060
0886953398
0979817885
0865336118
0987588766
0985812258
0968910361
0384808356
0903227077
0969764321
0932192099
0983583192
0355953468
0835300591
0978700334
0903457595
0979711848
0342511234
0389546248
0814652805
0933332727
0984000480
0987772618
0915105687
0911999289
0918195281
0989691855
0982100110
0913478445
0363474256
0944858522
0963246648
0382202914
0902008863
0364892406
0976444489
0903292912
0913005043
0907637989
0909788237
0908418255
0969829688
0862449943
0902425702
0979318514
0912646628
0976107315
0942002916
0947468226
0964686090
0975134977
0823133666
0904504426
0981913638
0868463838
0964197970
0908368169
0327652471
0976694763
0344468344
0822927791
0944097744
0397797997
0982385911
0964963881
0988825563
0903816164
0936384095
0928886492
0989504897
0982674451
0984703931
0844176888
0977585486
0983292354
0989122390
0975982125
0975117039
0913529688
0865831076
0914009297
0914442844
0963168369
0986302799
0948046688
0912499799
0904199828
0945617343
0973893401
0987774700
0912248941
0911116251
0983049610
0946665456
0979802405
0975312941
0357327033
0365353734
0942379145
0989135167
0946084401
0826215156
0833783333
0945490706
0903436338
0848533357
0974814364
0988717278
0965490304
0935836525
0989378859
0398221933
0908828981
0984179090
0849179090
0828215551
0974919807
0989324987
0775562233
0399310334
0399446536
0888808861
0937080824
0967415160
0903288240
0385028618
0975389927
0917670824
0905277335
0907703456
0938770697
0909710877
0933472001
0789702556
0986690996
0985620875
0947339870
0948856585
0976186319
0903911290
0985363002
0965363002
0979574504
0989155188
0913212789
0912259954
0909823658
0908607083
0908375342
0907842760
0792957180
0945198088
0961448230
0912001506
0903004804
0985049089
0978190186
0358863084
0777939991
0988487222
0983873419
0937903549
0914491651
0937271987
0564632045
0909435359
0927423432
0986978495
0945571871
0913874446
0974119426
0777470480
0947480468
0911086183
0981842232
0939379098
0981696575
0795815447
0896655164
0903038899
0982749574
0964234797
0967609933
0988964368
0983621496
0933529960
0915757244
0983046001
0922033411
0947285907
0962956923
0342635664
0989734454
0987514274
0857404198
0913352628
0824430712
0978603883
0865729706
0912875743
0946796486
0913866404
0983338004
0905367841
0979360903
0948748668
0974880679
0987770693
0908203080
0912660092
0947756954
0974112766
0394262444
0989059956
0988339040
0904524006
0905975979
0916616533
0328876509
0902151829
0787984885
0988709818
0917970088
0989833558
0983018589
0353168486
0349320607
0916888737
0912859538
0978800534
0369556891
0704527023
0765459086
0923153530
0967615916
0918710770
0963378586
0913568422
0917057125
0903625652
0966911938
0795817679
0914365951
0937241457
0916065276
0933929497
0945456729
0972100219
0945171422
0948884567
0976492626
0981517411
0375606885
0908318619
0968581740
0989069955
0846307586
0917201020
0912737558
0904084767
0974399500
0964460868
0933458472
0912326827
0935101069
0825129737
0913077959
0817208900
0366969643
0857272855
0984351493
0906728257
0982829998
0968409177
0901374434
0972525678
0765345477
0914451572
0357542706
0913318885
0933714938
0964527113
0396866146
0836446277
0973550093
0986844058
0985669168
0389604789
0329416526
0913903502
0832345692
0902343638
0333937569
0763258759
0764093197
0973234646
0347034799
0985911769
0983930627
0937217287
0976616175
0707547815
0915642942
0365791190
0868414344
0949270281
0977349876
0949132564
0967013341
0939697063
0969182461
0969900000
0971005611
0942893788
0908336070
0379010389
0358653784
0335246021
0398405028
0988120556
0903653737
0937959658
0912870651
0982237071
0918686019
0984526999
0866120345
0773280928
0937586387
0364328603
0964233366
0983250619
0986056355
0906871990
0909255596
0969777682
0929796062
0985568078
0854674753
0333423039
0855019084
0984416688
0364883319
0912842621
0968369528
0945816388
0817388388
0917911589
0366895240
0988569540
0934552292
0839211502
0912660225
0522043925
0944582114
0353374512
0399615826
0978842100
0901696778
0973647611
0989978897
0918091706
0972247003
0982293790
0971992270
0989035404
0982102114
0396550592
0949658094
0389733453
0922057747
0908744539
0978991077
0969396601
0365811767
0936922011
0398161616
0816779299
0935863456
0938419277
0912586113
0963586113
0906991668
0916276109
0909662539
0989585318
0906060053
0965726777
0375388769
0345910279
0792080120
0979455245
0342790126
0914707842
0941744238
0329864079
0918386408
0904124707
0948641360
0918056695
0912445078
0365375902
0973989989
0903220606
0387105291
0939566930
0965137996
0888810372
0866947187
0832183081
0971604199
0904581478
0987735922
0397719973
0798676183
0979387387
0912194195
0787454567
0909380356
0936035002
0832928888
0986882369
0979083196
0376799665
0966661318
0774055560
0938180615
0974433077
0917291058
0903311284
0932461339
0983452228
0912958753
0989701929
0912984506
0973233535
0818061936
0584078332
0942296386
0365097297
0918239180
0822293871
0982791954
0399261931
0966744453
0377403790
0369997966
0915927292
0903417919
0985429928
0357990589
0948988035
0917273035
0364919820
0942367946
0708300283
0971714999
0328836925
0964646666
0918644513
0918685292
0937508688
0963494395
0345128976
0989369805
0912848384
0969323181
0972176888
0988084759
0838389812
0365555077
0905150650
0927418386
0984587178
0903617428
0913352279
0987714986
0987182917
0979445060
0932240786
0916994499
0977896961
0931878937
0939405679
0939555999
0333041948
0944114021
0939333408
0906087289
0989167736
0983819555
0763082811
0816389389
0971779709
0335094453
0965536832
0988122266
0977228855
0869772962
0961100002
0364441093
0374558211
0909401896
0983470941
0978292977
0979161988
0865239127
0985810750
0977666680
0986566828
0989522251
0974485988
0982757672
0563250847
0972398677
0986789736
0919136240
0974355345
0977944145
0966374392
0961547792
0983180965
0907486719
0926136336
0949197886
0982717223
0906306759
0918859282
0976480700
0913603060
0902613438
0914899512
0902727567
0981418179
0983925207
0983606206
0982050468
0919399935
0382103999
0909616206
0979886105
0984725549
0898672206
0986299737
0778847777
0947071091
0913667223
0868645694
0902689894
0965878252
0357246006
0911000222
0968596890
0902040415
0982193663
0913682538
0916086166
0906913439
0376150485
0981669590
0904057623
0909907220
0975302303
0986970926
0977510452
0986233959
0929088959
0858331180
0923214880
0949929013
0911584801
0972657006
0967878158
0989283283
0915631982
0941726666
0981003366
0988665665
0969737016
0908174837
0907907975
0934078799
0772010061
0907674205
0979777954
0975214588
0914667569
0765205772
0988302580
0904286368
0968635993
0985626949
0888009998
0961878761
0988236006
0917052206
0919358880
0938048393
0562174845
0778535590
0966556662
0987859509
0936787333
0368761016
0859079179
0904534174
0949901375
0987601190
0902215683
0356522922
0934984748
0964232988
0983586936
0394289355
0949190249
0357912756
0989776807
0903800613
0942584542
0383078720
0975158998
0354929870
0906230656
0916851011
0934363404
0904866226
0904918679
0988650999
0973576055
0918738362
0912084663
0915170487
0986753333
0968016689
0965946996
0908628758
0902234846
0923952009
0907876607
0907159952
0983339787
0824744567
0941172631
0917299480
0965622640
0964299326
0916235115
0968468883
0333988879
0842646345
0989737326
0336942326
0945450426
0966989989
0383005052
0982764588
0389629626
0943387683
0989118861
0358749040
0386552325
0949242494
0985330417
0832204136
0912846170
0989110011
0986480899
0839265644
0943623339
0393376375
0961197711
0968558618
0812413608
0945002610
0932447777
0919218393
0374665855
0962623622
0989806632
0973032546
0356070668
0989115511
0834268199
0913499842
0979331244
0393567995
0986146499
0949161088
0336969909
0904715648
0589727853
0961727439
0868709055
0943339898
0914369195
0916210385
0988004884
0981603115
0357481406
0902451168
0985333366
0985065929
0902651168
0905826982
0967142185
0858586868
0974781335
0338668686
0984861541
0384078888
0853783333
0915822988
0906149905
0983292894
0949995885
0827202337
0987823710
0982544045
0935382222
0856912222
0962716595
0983842050
0982150880
0834999755
0937435567
0909537565
0346205577
0379416406
0912730004
0868911038
0974150596
0945189236
0989090962
0972434135
0979228969
0986657166
0971249097
0903439234
0968969890
0934689537
0961190999
0367765555
0907060102
0827168485
0905448111
0909258659
0911786999
0963752725
0584054017
0868445588
0838689999
0332760678
0908538688
0867068667
0916925568
0839801108
0988988821
0912040503
0921775986
0382261839
0915775775
0372230496
0936369306
0967114982
0919953439
0962772011
0388694214
0985299592
0965647296
0948047216
0585818896
0913578122
0906050333
0988893784
0963205545
0939628798
0945030679
0909669977
0968029163
0906401643
0963965567
0988425588
0933538729
0983572454
0988237608
0908486333
0913417737
0868401685
0974608157
0971301641
0935143947
0818562512
0909185080
0369997427
0392456785
0937125888
0938682931
0399608474
0968466123
0971911028
0388828680
0976551144
0909298660
0903509085
0972095529
0983928277
0582998986
0974217269
0978859128
0828986096
0826698685
0975872059
0393689887
0346144148
0824353914
0962592089
0975335194
0799961102
0398943635
0848971333
0909950885
0935950885
0906240415
0982145031
0906910934
0903188607
0985087846
0868865700
0774460900
0901643744
0936846298
0975850773
0932110486
0933735911
0989078444
0913889909
0913708473
0981864067
0985592764
0909733704
0977059497
0338759228
0986990868
0939698477
0983685888
0944444864
0932627711
0789440200
0857897079
0586134487
0394183865
0989223289
0988503176
0902965638
0929548071
0962484458
0974431133
0973996605
0397995505
0939232727
0986282555
0797887313
0855899507
0975808646
0929432809
0972418486
0975183880
0966248478
0931234159
0943968486
0913534284
0375368999
0968856816
0849910979
0965691268
0385561226
0903440230
0989394338
0981889368
0982243830
0928530786
0989949905
0915546118
0888875727
0907540728
0359831069
0905237333
0799512545
0946011041
0825766568
0828215059
0969282670
0767818267
0981042460
0828215058
0962489898
0983038325
0903415636
0913389870
0903686016
0983445755
0989007700
0906534021
0972399157
0377857095
0869934989
0915464148
0945831368
0833011612
0904029030
0946686496
0904029031
0944005285
0915101003
0983277824
0919008468
0946313074
0983811665
0902870565
0342300005
0913639248
0989033677
0904993469
0785145579
0904469868
0918804341
0962499079
0915152439
0938919341
0929150727
0982208399
0909292493
0908442308
0903401228
0933212301
0983959389
0936053755
0945899989
0903017071
0915259586
0989794847
0903723914
0832656222
0904747328
0981225845
0939326559
0934118189
0947545777
0903834410
0969405937
0912898421
0986680595
0398761824
0938789788
0985154119
0372172291
0976364362
0908287130
0834582388
0919341991
0915015069
0949153159
0962732459
0563770412
0918632344
0962919733
0328372534
0924948617
0762820252
0903752334
0901440339
0909143396
0966550453
0392164488
0974545363
0947378686
0913292987
0976163273
0913296234
0913296360
0963424745
0977744864
0988567380
0945056116
0966464168
0332250000
0983557775
0915466000
0979153839
0949659096
0963215735
0917736168
0987802509
0914812230
0966072291
0914383723
0967256193
0976528596
0901785343
0866807845
0989190169
0986138449
0944401369
0907468179
0968536522
0917147172
0977724632
0867444133
0782908997
0979988979
0937636761
0855899198
0982820655
0907352619
0946999127
0917304237
0334319986
0913558664
0825819819
0973358855
0976881222
0977149756
0945091976
0912924688
0704694723
0966210183
0976458888
0949207567
0917432165
0983169099
0933865798
0984838933
0855555580
0915021888
0857997319
0987832337
0853345139
0914201577
0913532252
0819101977
0388700933
0378535091
0974822882
0988681232
0946001809
0366666685
0917766111
0972424952
0854666012
0975610950
0384657689
0378001989
0933006881
0934283383
0886322988
0365868933
0839488394
0922990583
0948555068
0989537537
0977985998
0374717834
0909528387
0387846050
0983398369
0949068058
0978729901
0985016696
0988742186
0915519000
0838099279
0352531862
0914112700
0356802466
0969147721
0975150384
0916398099
0973468539
0946793516
0915121284
0378899555
0983929388
0914396909
0375418336
0944604906
0968837015
0912077406
0906795896
0914520916
0374649858
0919503390
0392035189
0912236736
0938705771
0911798969
0779957587
0795852665
0763877001
0901628856
0907316994
0855755997
0942591999
0947402868
0912096180
0914534467
0938124406
0984340682
0389754248
0973281190
0973446724
0815247468
0769318349
0904898680
0987886584
0899654047
0946004187
0979101287
0793094306
0939745934
0908606868
0928808080
0966568213
0348694979
0912815525
0906689035
0777887766
0984728137
0973101509
0948777579
0923808182
0868303816
0912381951
0914974479
0978372843
0983077644
0966751352
0946801085
0973690856
0915369234
0368851715
0822322999
0832079555
0989643856
0945730375
0909869003
0327923950
0978651717
0972136789
0919689687
0904867763
0916669977
0985959555
0913685511
0989096183
0383220123
0909655615
0987811007
0708805156
0976899860
0938712229
0777541054
0913327299
0905188006
0904447335
0902050304
0935558220
0904277799
0971353555
0988151890
0945654323
0859116194
0398001387
0835053630
0818715983
0906605911
0902403004
0989733763
0904245479
0397968619
0979719131
0909342348
0909284911
0919838833
0965922868
0909811868
0934200782
0912342816
0936817968
0896100609
0983264244
0901505418
0835838833
0917415622
0985627627
0916089066
0979841266
0846476669
0984005198
0902116565
0904882236
0989713336
0767397178
0769858880
0939419721
0564276729
0925516227
0903196370
0349777115
0834888854
0968409193
0947378077
0983030981
0901773166
0985036461
0906216711
0981245628
0977263536
0904170899
0379542041
0943414389
0359767883
0989494656
0943226117
0978280384
0976141728
0384388020
0974315858
0983344407
0904276888
0948303000
0912231662
0969882918
0984664218
0943669393
0845623999
0979878984
0912042668
0916586198
0985631831
0902697279
0948839668
0888731009
0972405953
0908657002
0989420929
0983235225
0886200474
0986554849
0338914405
0971452856
0834504988
0983020661
0946127313
0343287693
0904529282
0708666115
0987666266
0972179090
0961013303
0984288887
0334684272
0838328686
0348651680
0932680510
0902080404
0358189356
0986516375
0813383274
0914844699
0702516336
0356514845
0987846702
0936770119
0939111977
0784228269
0914302297
0904994313
0919835446
0946567007
0932083731
0916988233
0963588500
0522109534
0985140985
0333775893
0978489533
0924258167
0812877977
0832887997
0903663566
0987573297
0926392732
0985551012
0985197499
0946369977
0942132348
0787892673
0582175900
0987223558
0939720810
0936710810
0948311629
0905165820
0921025649
0907242448
0918811863
0888138147
0938619059
0944899663
0942448518
0907098899
0344383878
0589278945
0963119797
0931238490
0975929878
0937310379
0813943731
0899781111
0327986366
0913302732
0937345624
0907267870
0966205282
0766772152
0908238466
0914913323
0908642008
0333438038
0902545696
0703534645
0849967758
0985911282
0342655589
0986501950
0915911282
0987871994
0988669689
0941602207
0978542893
0815397708
0989274489
0947761468
0333269080
0903000973
0392881676
0918498887
0974403707
0918410799
0333105668
0392222797
0369743888
0926696951
0978723268
0933944599
0585677583
0989511994
0942988978
0971949210
0974677186
0943452917
0946152552
0343191957
0917918226
0973766988
0988301576
0939983744
0824945123
0782434898
0944449416
0903051972
0964048428
0909452727
0342373318
0948808586
0938755028
0978174325
0399170478
0902233299
0963794965
0908903789
0968992949
0949198838
0978986836
0335197297
0948097938
0913701116
0979499098
0346864934
0975658906
0976957901
0917301246
0945742523
0775555422
0988985630
0357551993
0981707798
0819595296
0987915763
0968880134
0394954959
0782292228
0908844687
0967982808
0916151168
0985721754
0973051244
0977328292
0962641789
0971606804
0915928389
0776590562
0938598907
0938438749
0779878767
0837360260
0901775227
0888876776
0926251999
0912331328
0913131747
0974970707